arm_type: "j2n6s300"
end_effector: "nozzle" # [nozzle/gripper]
status_timer_rate: 5 # [Hz]
motion_check_timer_rate: 1 # [Hz]
no_move_error_timeout: 3 # [s]
nearby_position_threshold: 0.08 # [m]
nearby_rotation_threshold: 0.08 # [rad]
end_effector_home_pose: [0.07267599990734311, -0.19457573496675962, 0.48981552612177237, 1.505458503967444, 1.0401927267977094, 0.07216669996230128] # [m m m rad rad rad]
default_gripping_pose: [0.0, -0.45, 0.5, 0.0, -3.14159, -0.65] # [m m m rad rad rad]
default_firefighting_pose: [0.45906802294120663, -0.0013019907726987967, 0.6128451137619106, 1.5640734913191676, 3.121927023259888, 1.5827672369569061] # [m m m rad rad rad]
husky_to_arm_base_transform: [-0.175, -0.13 ,0.17, 0, 0, 0] # [m m m, rad, rad, rad]
arm_base_to_ground: 0.395 # [m]
husky_base_frame_id: "base_link"
kinova_base_frame_id: "j2n6s300_link_base"
