arm_base_to_ground: 0.405 # [m]
gripper_length: 0.13 # [m]
gripper_timeout: 10.0 # [s]
no_move_joint_velocity: 0.01 # [s]
move_down_speed_faster: 0.1 # [m/s]
move_down_speed_slower: 0.07 # [m/s]
nearby_pos_threshold: 0.05 # [m]
nearby_rot_threshold: 0.11 # [rad]
status_timer_rate: 10.0 # [Hz]

linear_vel_modifier: 0.28
angular_vel_modifier: 0.3

linear_vel_max: 0.2 # [m/s]
linear_vel_min: 0.03 # [m/s]

angular_vel_max: 0.2 # [rad/s]
angular_vel_min: 0.03 # [rad/s]

#camera_offset: [0.085, 0.05, -0.003] # [m], base_link frame (X aligned with arm cables, Z up)
camera_offset: [0.0, 0.0, 0.1] # [m], base_link frame (X aligned with arm cables, Z up)

align_limits:
  x: [-0.3, 0.3]
  y: [0.25, 0.65]

gripper_threshold: 400

align_timeout: 15.0 # [s]

home_angles: [0.0, 0.26, 3.14, -2.27, 0.0, 0.96, 1.57] # [rad ... rad]

raised_camera_angles: [-1.5708, 0.0, -3.1416, 0.0, 0.0, -1.9, 1.5708] # [rad ... rad]

gripping_pose: [0.487, 0.0, 0.52, 0.0, 3.139, 1.5707] # [m m m rad rad rad]

gripping_angles: [0.0, 0.46, 3.0712, -1.06125, 0.031538, -1.61455, 1.5708] # [rad ... rad]

descent_to_storage: 0.3 # [m]
brick_storage: [0.0918, -0.43363, 0.49, 0.0, 3.14, 1.5708,
                -0.34245, -0.5374, 0.49, 0.0, 3.14, 1.5708, #green
                -0.1308, -0.5374, 0.49, 0.0, 3.14, 1.5708,
                -0.0654, -0.4527, 0.58794, 0.0, 3.1316, 3.14111] # blue

brick_storage_joint_space: [1.3970449062173473, 0.3913737262927326, -3.1332167456453845, -1.5505365951182277, -0.002942260372319261, -1.1981002480437573, 1.4055973817420278,
1.394953259497199, 0.3389778960581866, -3.129855570033596, -1.3018431556755763, -0.0034759578547713943, -1.499507232839001, 1.4060149654009524,
1.7858013110802637, 0.6524033606683082, -3.0847791717390236, -1.147275949168467, -0.03563096485638795, -1.341672327674365, 1.8386984813900171,
1.7845881080456782, 0.6670358995406668, -3.07871062656306, -0.7890189972155195, -0.03933915035821389, -1.6853820284888634, 1.8292301447664585,
2.2244923858563292, 0.6149371449257193, -3.0629369897426297, -1.1761094616585375, -0.0472482061635322, -1.3515899395738202, 2.298862224561228,
2.2288593042537865, 0.596879048522219, -3.0573803041281797, -0.8825486820668846, -0.048245293675656775, -1.6632346482315468, 2.29388211332278,
1.7973072322538421, 0.24558326676360245, -3.1343400669931807, -0.9357863375220052, -0.00237607232456849, -1.9595065258129, 1.803305070502864]
