arm_base_to_ground: 0.405 # [m]
gripper_length: 0.13 # [m]
gripper_timeout: 10.0 # [s]
no_move_joint_velocity: 0.01 # [s]
move_down_speed_faster: 0.1 # [m/s]
move_down_speed_slower: 0.07 # [m/s]
move_down_speed_mega_slow: 0.04 # [m/s]
align_pos_threshold: 0.02 # [m]
align_rot_threshold: 0.08 # [rad]
status_timer_rate: 10.0 # [Hz]

linear_vel_modifier: 0.6
linear_vel_max: 0.4 # [m/s]
linear_vel_min: 0.02 # [m/s]

angular_vel_modifier: 0.5
angular_vel_max: 0.4 # [rad/s]
angular_vel_min: 0.03 # [rad/s]

#camera_offset: [0.085, 0.05, -0.003] # [m], base_link frame (X aligned with arm cables, Z up)
camera_offset: [0.0, 0.0, 0.1] # [m], base_link frame (X aligned with arm cables, Z up)

align_x_min: 0.25
align_x_max: 0.65
align_y_min: -0.3
align_y_max: 0.3

gripper_threshold: 425 # TODO TUNE THIS ON OFFICIAL BRICKS

align_timeout: 15.0 # [s]

home_angles: [0.0, 0.26, 3.14, -2.27, 0.0, 0.96, 1.57] # [rad ... rad]

raised_camera_angles: [-1.5708, 0.0, -3.1416, 0.0, 0.0, -1.9, 1.5708] # [rad ... rad]

gripping_pose: [0.487, 0.0, 0.52, 0.0, 3.139, 1.5707] # [m m m rad rad rad]

gripping_angles: [0.033194613545021186, 0.4251220027060028, 3.088296674906801, -1.0857516016654563, 0.022032244313252267, -1.6288186174644528, 1.5568568090172037] # [rad ... rad]

brick_storage: [0.0918, -0.43363, 0.49, 0.0, 3.14, 1.5708,
                -0.34245, -0.5374, 0.49, 0.0, 3.14, 1.5708, #green
                -0.1308, -0.5374, 0.49, 0.0, 3.14, 1.5708,
                -0.0654, -0.4527, 0.58794, 0.0, 3.1316, 3.14111] # blue

brick_storage_jointspace: [1.445988007786274, 0.7298115998608784, -3.122373152634909, -1.0111729711310957, -0.01254402136649091, -1.3995944834869345, 3.012894062331169,
1.398529751683121, 0.6965522465342331, -3.113342906010669, -0.7422783895557572, -0.017736120227709762, -1.7027538282794508, 2.9881583558104037,
1.8315553507142066, 0.6374766090745231, 3.121585123268355, -1.1080103020563392, 0.011937125445062298, -1.3955603270676828, -2.899414105121802,
1.7845881080456782, 0.6670358995406668, -3.07871062656306, -0.7890189972155195, -0.03933915035821389, -1.6853820284888634, 3.400026471561355,
2.2244923858563292, 0.6149371449257193, -3.0629369897426297, -1.1761094616585375, -0.0472482061635322, -1.3515899395738202, 3.8696585513561246,
2.2288593042537865, 0.596879048522219, -3.0573803041281797, -0.8825486820668846, -0.048245293675656775, -1.6632346482315468, 3.8646784401176766,
1.7489359710586239, 0.3926554391463605, -3.1415820009454327, -0.7248559897044586, -0.00034993936723637376, -2.0237925713663225, 1.748638229648753]

# use these jointspace poses to make more room for green brick
push1: [1.9280761649438938, 0.9864842028245435, 2.988901377754536, -1.6656639837779172, 0.5434840668257025, -0.5199624954459043, 2.938384141352932]
push2: [2.1573092205110638, 1.0310752400104488, 2.803104346408504, -1.5965528229614891, 0.794528012246458, -0.6279691239829397, 2.8840455351031733]
push3: [1.832294244758649, 1.0539107145144149, 2.8993179650064507, -1.7024928384926232, 0.8101636307433949, -0.5170447361556141, 2.5479319686659077]
